0.jpg -> z축 72mm
1.jpg -> z축 72, x축 12 (카메라 오른쪽으로 움직임)
2.jpg -> z축 72, x축 -11 (카메라 왼쪽으로 움직임)
3.jpg -> y축 회전 +
4.jpg -> y축 회전 -
5.jpg -> x축 회전 -
6.jpg -> x축 회전 +


mtx: [[1.44613227e+03 0.00000000e+00 6.43600895e+02]
 [0.00000000e+00 1.43724540e+03 4.00241369e+02]
 [0.00000000e+00 0.00000000e+00 1.00000000e+00]]
 
dist: [[ 0.08091033  0.39609752 -0.01333719 -0.01925617 -2.07791668]]

x축 오차: 0.03 / 0.72 오차 4%
z축 오차: 0.04 / 0.72 오차 5%

--------------------------------------------------------------------
x축 회전

R: [[ 0.999703555  0.00903617542 -0.0243307744]
 [-0.00362166806 -0.982674827 -0.185302636]
 [-0.0240766823  0.185335822 -0.982380245]]
 
 R: [[ 0.99985406 -0.00433209  0.01652554]
 [-0.00629479 -0.9926774   0.12063145]
 [ 0.01588194 -0.12071787 -0.9925598 ]]
 
 ------------------------------------------------------------------
 y 축 회전
 
 R: [[ 0.96414777  0.02331416  0.2643398 ]
 [ 0.01048356 -0.99870191  0.04984565]
 [ 0.26515877 -0.04528735 -0.96314064]]
 
 R: [[ 0.95671799 -0.00819195 -0.29090134]
 [-0.01721972 -0.99944582 -0.02848737]
 [-0.29050676  0.03226362 -0.95632886]]
